Date;ABS_Value;Freq
January 2020;2 858 305;0,029
February 2020;3 123 016;0,034
March 2020;2 732 543;0,027
April 2020;2 890 361;0,024
May 2020;3 045 768;0,028
June 2020;3 143 364;0,035
July 2020;3 168 150;0,037
August 2020;3 126 036;0,037
September 2020;2 603 769;0,027
October 2020;2 866 839;0,026
November 2020;2 993 198;0,026
December 2020;2 800 046;0,025
January 2021;2 941 559;0,028
February 2021;3 284 008;0,033
March 2021;2 982 067;0,027
April 2021;3 041 338;0,028
May 2021;3 289 357;0,032
June 2021;3 601 957;0,036
July 2021;3 792 641;0,039
August 2021;3 798 891;0,038
September 2021;2 902 082;0,027
October 2021;3 032 415;0,026
November 2021;2 957 590;0,025
December 2021;3 123 301;0,026
January 2022;3 281 616;0,027
February 2022;3 415 598;0,029
March 2022;3 239 976;0,025
April 2022;3 421 123;0,028
May 2022;3 807 519;0,032
June 2022;4 001 311;0,037
July 2022;4 238 667;0,040
August 2022;4 373 112;0,040
September 2022;3 112 849;0,026
October 2022;3 554 374;0,028
November 2022;3 388 061;0,027
December 2022;3 400 052;0,027
January 2023;3 361 809;0,027
February 2023;3 519 616;0,031
March 2023;3 628 094;0,029
April 2023;3 600 756;0,031
May 2023;3 849 818;0,034
June 2023;4 037 429;0,039
July 2023;4 166 614;0,041
August 2023;4 165 618;0,041
September 2023;3 317 211;0,031
October 2023;3 322 211;0,028
November 2023;3 209 079;0,027
December 2023;3 282 721;0,027
January 2024;3 454 115;0,028
