Период	Число запросов	Период_число
январь 2020	2 858 305	(1, 2020)
февраль 2020	3 123 016	(2, 2020)
март 2020	2 732 543	(3, 2020)
апрель 2020	2 890 361	(4, 2020)
май 2020	3 045 768	(5, 2020)
июнь 2020	3 143 364	(6, 2020)
июль 2020	3 168 150	(7, 2020)
август 2020	3 126 036	(8, 2020)
сентябрь 2020	2 603 769	(9, 2020)
октябрь 2020	2 866 839	(10, 2020)
ноябрь 2020	2 993 198	(11, 2020)
декабрь 2020	2 800 046	(12, 2020)
январь 2021	2 941 559	(1, 2021)
февраль 2021	3 284 008	(2, 2021)
март 2021	2 982 067	(3, 2021)
апрель 2021	3 041 338	(4, 2021)
май 2021	3 289 357	(5, 2021)
июнь 2021	3 601 957	(6, 2021)
июль 2021	3 792 641	(7, 2021)
август 2021	3 798 891	(8, 2021)
сентябрь 2021	2 902 082	(9, 2021)
октябрь 2021	3 032 415	(10, 2021)
ноябрь 2021	2 957 590	(11, 2021)
декабрь 2021	3 123 301	(12, 2021)
январь 2022	3 281 616	(1, 2022)
февраль 2022	3 415 598	(2, 2022)
март 2022	3 239 976	(3, 2022)
апрель 2022	3 421 123	(4, 2022)
май 2022	3 807 519	(5, 2022)
июнь 2022	4 001 311	(6, 2022)
июль 2022	4 238 667	(7, 2022)
август 2022	4 373 112	(8, 2022)
сентябрь 2022	3 112 849	(9, 2022)
октябрь 2022	3 554 374	(10, 2022)
ноябрь 2022	3 388 061	(11, 2022)
декабрь 2022	3 400 052	(12, 2022)
январь 2023	3 361 809	(1, 2023)
февраль 2023	3 519 616	(2, 2023)
март 2023	3 628 094	(3, 2023)
апрель 2023	3 600 756	(4, 2023)
май 2023	3 849 818	(5, 2023)
июнь 2023	4 037 429	(6, 2023)
июль 2023	4 166 614	(7, 2023)
август 2023	4 165 618	(8, 2023)
сентябрь 2023	3 317 211	(9, 2023)
октябрь 2023	3 322 211	(10, 2023)
ноябрь 2023	3 209 079	(11, 2023)
декабрь 2023	3 282 721	(12, 2023)
январь 2024	3 454 115	(1, 2024)
